8
0  9  8  4  13 10 4  9
9  0  9  5  14 19 13 18
8  9  0  4  5  18 4  9
4  5  4  0  9  14 8  13
13 14 5  9  0  23 9  14
10 19 18 14 23 0  14 19
4  13 4  8  9  14 0  5
9  18 9  13 14 19 5  0
