100
0 870002 435002 495002 690001 435001 435003 615001 914998 1350005 900001 915005 195001 899999 915000 1125004 615001 900001 1335006 915003 1350004 810002 915001 900002 14999 150001 1335004 870001 194999 1245004 645002 1305005 435001 855003 59998 1335005 915000 1335006 915002 420001 1350006 525003 870000 15001 420001 390002 825002 915002 1335005 825003 390000 1305004 855003 465002 915002 765002 900000 1305004 855003 435000 1335004 420001 74998 855002 1335005 900002 1350004 915001 930000 915002 914999 195000 450000 180000 210001 195001 915000 885003 1335003 180000 914999 420002 1245005 435002 810001 870003 900000 29999 585002 914999 330001 90000 74998 435000 915004 435000 1305004 435001 1350003 900004
870002 0 885002 945002 180001 885001 885003 1065001 164998 1800005 390001 405005 885003 149999 44998 1575004 1065001 29999 1785006 45001 1800004 300002 405001 390002 885001 840003 1785004 360001 885001 1695004 1095002 1755005 885001 1305003 870002 1785005 165000 1785006 405002 870001 1800006 975003 120000 885003 870001 840002 1275002 405002 1785005 1275003 840000 1755004 1305003 915002 45000 1215002 150000 1755004 1305003 885000 1785004 870001 885002 1305002 1785005 30000 1800004 165001 900002 45000 404999 885002 420002 870002 660001 885003 405000 1335003 1785003 870002 164999 870002 1695005 885002 60001 360003 390000 840003 1035002 404999 780001 780002 885002 885000 405004 885000 1755004 885001 1800003 390004
435002 885002 0 90002 705001 210001 210003 210001 929998 945005 915001 930005 450003 914999 930000 720004 210001 915001 930006 930003 945004 825002 930001 915002 450001 405003 930004 885001 450001 840004 240002 900005 210001 450003 435002 930005 930000 930006 930002 195001 945006 120003 885000 450003 15001 165002 420002 930002 930005 420003 45002 900004 450003 60002 930002 360002 915000 900004 450003 90002 930004 75003 450002 450002 930005 915002 945004 930001 945000 930002 929999 450002 465000 435002 225001 450003 930000 480003 930003 435002 929999 195002 840005 30002 825001 885003 915000 405003 180002 929999 105001 345002 450002 90002 930004 210000 900004 30001 945003 915004
495002 945002 90002 0 765001 270001 270003 179999 989998 915003 975001 990005 510003 974999 990000 690002 179999 975001 900004 990003 915002 885002 990001 975002 510001 465003 900002 945001 510001 810002 210000 870003 270001 420001 495002 900003 990000 900004 990002 255001 915004 90001 945000 510003 75001 225002 390000 990002 900003 390001 105002 870002 420001 30000 990002 330000 975000 870002 420001 150002 900002 135003 510002 420000 900003 975002 915002 990001 930002 990002 989999 510002 525000 495002 285001 510003 990000 450001 900001 495002 989999 255002 810003 60000 885001 945003 975000 465003 150000 989999 165001 405002 510002 150002 990004 270000 870002 60001 915001 975004
690001 180001 705001 765001 0 705000 705002 885000 224997 1620004 210000 225004 705002 209998 224999 1395003 885000 210000 1605005 225002 1620003 120001 225000 210001 705000 660002 1605003 180000 705000 1515003 915001 1575004 705000 1125002 690001 1605004 224999 1605005 225001 690000 1620005 795002 179999 705002 690000 660001 1095001 225001 1605004 1095002 659999 1575003 1125002 735001 225001 1035001 209999 1575003 1125002 704999 1605003 690000 705001 1125001 1605004 210001 1620003 225000 720001 225001 224998 705001 240001 690001 480000 705002 224999 1155002 1605002 690001 224998 690001 1515004 705001 120000 180002 209999 660002 855001 224998 600000 600001 705001 704999 225003 704999 1575003 705000 1620002 210003
435001 885001 210001 270001 705000 0 30000 390000 929997 1125004 915000 930004 450002 914998 929999 900003 390000 915000 1110005 930002 1125003 825001 930000 915001 450000 405002 1110003 885000 450000 1020003 420001 1080004 89998 630002 435001 1110004 929999 1110005 930001 74998 1125005 300002 884999 450002 195000 44999 600001 930001 1110004 600002 164999 1080003 630002 240001 930001 540001 914999 1080003 630002 209999 1110003 195000 450001 630001 1110004 915001 1125003 930000 944999 930001 929998 450001 464999 435001 225000 450002 929999 660002 1110002 435001 929998 14999 1020004 210001 825000 885002 914999 405002 360001 929998 105000 345001 450001 209999 930003 89997 1080003 210000 1125002 915003
435003 885003 210003 270003 705002 30000 0 390002 929999 1125006 915002 930006 450004 915000 930001 900005 390002 915002 1110007 930004 1125005 825003 930002 915003 450002 405004 1110005 885002 450002 1020005 420003 1080006 90000 630004 435003 1110006 930001 1110007 930003 75000 1125007 300004 885001 450004 195002 45001 600003 930003 1110006 600004 165001 1080005 630004 240003 930003 540003 915001 1080005 630004 210001 1110005 195002 450003 630003 1110006 915003 1125005 930002 945001 930003 930000 450003 465001 435003 225002 450004 930001 660004 1110004 435003 930000 15001 1020006 210003 825002 885004 915001 405004 360003 930000 105002 345003 450003 210001 930005 89999 1080005 210002 1125004 915005
615001 1065001 210001 179999 885000 390000 390002 0 1109997 915000 1095000 1110004 630002 1094998 1109999 689999 59998 1095000 900001 1110002 914999 1005001 1110000 1095001 630000 585002 899999 1065000 630000 809999 209997 870000 390000 419998 615001 900000 1109999 900001 1110001 375000 915001 89998 1064999 630002 195000 345001 389997 1110001 900000 389998 225001 869999 419998 149999 1110001 329997 1094999 869999 419998 270001 899999 255002 630001 419997 900000 1095001 914999 1110000 929999 1110001 1109998 630001 644999 615001 405000 630002 1109999 449998 899998 615001 1109998 375001 810000 179999 1005000 1065002 1094999 585002 29999 1109998 285000 525001 630001 270001 1110003 389999 869999 180000 914998 1095003
914998 164998 929998 989998 224997 929997 929999 1109997 0 1845001 434997 450001 929999 14999 209996 1620000 1109997 194997 1830002 209999 1845000 344998 449997 434998 929997 884999 1830000 404997 929997 1740000 1139998 1800001 929997 1349999 914998 1830001 89998 1830002 449998 914997 1845002 1019999 44998 929999 914997 884998 1319998 449998 1830001 1319999 884996 1800000 1349999 959998 209998 1259998 74998 1800000 1349999 929996 1830000 914997 929998 1349998 1830001 194998 1845000 89999 944998 209998 449995 929998 464998 914998 704997 929999 449996 1379999 1829999 914998 29999 914998 1740001 929998 104997 404999 434996 884999 1079998 449995 824997 824998 929998 929996 450000 929996 1800000 929997 1844999 435000
1350005 1800005 945005 915003 1620004 1125004 1125006 915000 1845001 0 1830004 1845008 1365006 1830002 1845003 225001 915000 1830004 435003 1845006 90001 1740005 1845004 1830005 1365004 1320006 194999 1800004 1365004 345001 705003 405002 1125004 915004 1350005 15000 1845003 435003 1845005 1110004 30001 825002 1800003 1365006 930004 1080005 885003 1845005 195000 885004 960005 164999 915004 885003 1845005 825003 1830003 45001 915004 1005005 75001 990006 1365005 915003 435002 1830005 209999 1845004 945003 1845005 1845002 1365005 1380003 1350005 1140004 1365006 1845003 465002 435000 1350005 1845002 1110005 105000 915003 1740004 1800006 1830003 1320006 885001 1845002 1020004 1260005 1365005 1005005 1845007 1125003 405001 915004 90000 1830007
900001 390001 915001 975001 210000 915000 915002 1095000 434997 1830004 0 195002 915002 419998 434999 1605003 1095000 420000 1815005 435002 1830003 89999 194998 179999 915000 870002 1815003 30000 915000 1725003 1125001 1785004 915000 1335002 900001 1815004 434999 1815005 15001 900000 1830005 1005002 389999 915002 900000 870001 1305001 194999 1815004 1305002 869999 1785003 1335002 945001 435001 1245001 419999 1785003 1335002 914999 1815003 900000 915001 1335001 1815004 420001 1830003 435000 930001 435001 74998 915001 450001 900001 690000 915002 14999 1365002 1815002 900001 434998 900001 1725004 915001 330000 150000 59999 870002 1065001 74998 810000 810001 915001 914999 195001 914999 1785003 915000 1830002 180001
915005 405005 930005 990005 225004 930004 930006 1110004 450001 1845008 195002 0 930006 435002 450003 1620007 1110004 435004 1830009 450006 1845007 105003 90000 75001 930004 885006 1830007 165002 930004 1740007 1140005 1800008 930004 1350006 915005 1830008 450003 1830009 210003 915004 1845009 1020006 405003 930006 915004 885005 1320005 90001 1830008 1320006 885003 1800007 1350006 960005 450005 1260005 435003 1800007 1350006 930003 1830007 915004 930005 1350005 1830008 435005 1845007 450004 945005 450005 210000 930005 465005 915005 705004 930006 210001 1380006 1830006 915005 450002 915005 1740008 930005 345004 45002 195001 885006 1080005 210000 825004 825005 930005 930003 30001 930003 1800007 930004 1845006 15001
195001 885003 450003 510003 705002 450002 450004 630002 929999 1365006 915002 930006 0 915000 930001 1140005 630002 915002 1350007 930004 1365005 825003 930002 915003 210000 45000 1350005 885002 89998 1260005 660003 1320006 450002 870004 195001 1350006 930001 1350007 930003 435002 1365007 540004 885001 210002 435002 405003 840003 930003 1350006 840004 405001 1320005 870004 480003 930003 780003 915001 1320005 870004 450001 1350005 435002 210001 870003 1350006 915003 1365005 930002 945001 930003 930000 30001 465001 74999 225002 90000 930001 900004 1350004 15001 930000 435003 1260006 450003 825002 885004 915001 165002 600003 930000 345002 105001 210001 450001 930005 450001 1320005 450002 1365004 915005
899999 149999 914999 974999 209998 914998 915000 1094998 14999 1830002 419998 435002 915000 0 194997 1605001 1094998 179998 1815003 195000 1830001 329999 434998 419999 914998 870000 1815001 389998 914998 1725001 1124999 1785002 914998 1335000 899999 1815002 74999 1815003 434999 899998 1830003 1005000 29999 915000 899998 869999 1304999 434999 1815002 1305000 869997 1785001 1335000 944999 194999 1244999 59999 1785001 1335000 914997 1815001 899998 914999 1334999 1815002 179999 1830001 75000 929999 194999 434996 914999 449999 899999 689998 915000 434997 1365000 1815000 899999 15000 899999 1725002 914999 89998 390000 419997 870000 1064999 434996 809998 809999 914999 914997 435001 914997 1785001 914998 1830000 420001
915000 44998 930000 990000 224999 929999 930001 1109999 209996 1845003 434999 450003 930001 194997 0 1620002 1109999 14999 1830004 89999 1845002 345000 449999 435000 929999 885001 1830002 404999 929999 1740002 1140000 1800003 929999 1350001 915000 1830003 209998 1830004 450000 914999 1845004 1020001 164998 930001 914999 885000 1320000 450000 1830003 1320001 884998 1800002 1350001 960000 89998 1260000 194998 1800002 1350001 929998 1830002 914999 930000 1350000 1830003 74998 1845002 209999 945000 30000 449997 930000 465000 915000 704999 930001 449998 1380001 1830001 915000 209997 915000 1740003 930000 104999 405001 434998 885001 1080000 449997 824999 825000 930000 929998 450002 929998 1800002 929999 1845001 435002
1125004 1575004 720004 690002 1395003 900003 900005 689999 1620000 225001 1605003 1620007 1140005 1605001 1620002 0 689999 1605003 210002 1620005 225000 1515004 1620003 1605004 1140003 1095005 210000 1575003 1140003 120000 480002 180001 900003 690003 1125004 210001 1620002 210002 1620004 885003 225002 600001 1575002 1140005 705003 855004 660002 1620004 210001 660003 735004 180000 690003 660002 1620004 600002 1605002 180000 690003 780004 210000 765005 1140004 690002 210001 1605004 225000 1620003 720002 1620004 1620001 1140004 1155002 1125004 915003 1140005 1620002 240001 209999 1125004 1620001 885004 120001 690002 1515003 1575005 1605002 1095005 660000 1620001 795003 1035004 1140004 780004 1620006 900002 180000 690003 224999 1605006
615001 1065001 210001 179999 885000 390000 390002 59998 1109997 915000 1095000 1110004 630002 1094998 1109999 689999 0 1095000 900001 1110002 914999 1005001 1110000 1095001 630000 585002 899999 1065000 630000 809999 209997 870000 390000 419998 615001 900000 1109999 900001 1110001 375000 915001 89998 1064999 630002 195000 345001 389997 1110001 900000 389998 225001 869999 419998 149999 1110001 329997 1094999 869999 419998 270001 899999 255002 630001 419997 900000 1095001 914999 1110000 929999 1110001 1109998 630001 644999 615001 405000 630002 1109999 449998 899998 615001 1109998 375001 810000 179999 1005000 1065002 1094999 585002 29999 1109998 285000 525001 630001 270001 1110003 389999 869999 180000 914998 1095003
900001 29999 915001 975001 210000 915000 915002 1095000 194997 1830004 420000 435004 915002 179998 14999 1605003 1095000 0 1815005 75000 1830003 330001 435000 420001 915000 870002 1815003 390000 915000 1725003 1125001 1785004 915000 1335002 900001 1815004 194999 1815005 435001 900000 1830005 1005002 149999 915002 900000 870001 1305001 435001 1815004 1305002 869999 1785003 1335002 945001 74999 1245001 179999 1785003 1335002 914999 1815003 900000 915001 1335001 1815004 59999 1830003 195000 930001 15001 434998 915001 450001 900001 690000 915002 434999 1365002 1815002 900001 194998 900001 1725004 915001 90000 390002 419999 870002 1065001 434998 810000 810001 915001 914999 435003 914999 1785003 915000 1830002 420003
1335006 1785006 930006 900004 1605005 1110005 1110007 900001 1830002 435003 1815005 1830009 1350007 1815003 1830004 210002 900001 1815005 0 1830007 435002 1725006 1830005 1815006 1350005 1305007 420002 1785005 1350005 90002 690004 30001 1110005 900005 1335006 420003 1830004 60002 1830006 1095005 435004 810003 1785004 1350007 915005 1065006 870004 1830006 420003 870005 945006 390002 900005 870004 1830006 810004 1815004 390002 900005 990006 420002 975007 1350006 900004 180003 1815006 435002 1830005 930004 1830006 1830003 1350006 1365004 1335006 1125005 1350007 1830004 450003 180001 1335006 1830003 1095006 330003 900004 1725005 1785007 1815004 1305007 870002 1830003 1005005 1245006 1350006 990006 1830008 1110004 150002 900005 435001 1815008
915003 45001 930003 990003 225002 930002 930004 1110002 209999 1845006 435002 450006 930004 195000 89999 1620005 1110002 75000 1830007 0 1845005 345003 450002 435003 930002 885004 1830005 405002 930002 1740005 1140003 1800006 930002 1350004 915003 1830006 210001 1830007 450003 915002 1845007 1020004 165001 930004 915002 885003 1320003 450003 1830006 1320004 885001 1800005 1350004 960003 30001 1260003 195001 1800005 1350004 930001 1830005 915002 930003 1350003 1830006 15001 1845005 210002 945003 90001 450000 930003 465003 915003 705002 930004 450001 1380004 1830004 915003 210000 915003 1740006 930003 105002 405004 435001 885004 1080003 450000 825002 825003 930003 930001 450005 930001 1800005 930002 1845004 435005
1350004 1800004 945004 915002 1620003 1125003 1125005 914999 1845000 90001 1830003 1845007 1365005 1830001 1845002 225000 914999 1830003 435002 1845005 0 1740004 1845003 1830004 1365003 1320005 194998 1800003 1365003 345000 705002 405001 1125003 915003 1350004 75001 1845002 435002 1845004 1110003 90002 825001 1800002 1365005 930003 1080004 885002 1845004 194999 885003 960004 164998 915003 885002 1845004 825002 1830002 45000 915003 1005004 15000 990005 1365004 915002 435001 1830004 209998 1845003 945002 1845004 1845001 1365004 1380002 1350004 1140003 1365005 1845002 465001 434999 1350004 1845001 1110004 104999 915002 1740003 1800005 1830002 1320005 885000 1845001 1020003 1260004 1365004 1005004 1845006 1125002 405000 915003 29999 1830006
810002 300002 825002 885002 120001 825001 825003 1005001 344998 1740005 89999 105003 825003 329999 345000 1515004 1005001 330001 1725006 345003 1740004 0 104999 90000 825001 780003 1725004 59999 825001 1635004 1035002 1695005 825001 1245003 810002 1725005 345000 1725006 105000 810001 1740006 915003 300000 825003 810001 780002 1215002 105000 1725005 1215003 780000 1695004 1245003 855002 345002 1155002 330000 1695004 1245003 825000 1725004 810001 825002 1245002 1725005 330002 1740004 345001 840002 345002 104997 825002 360002 810002 600001 825003 104998 1275003 1725003 810002 344999 810002 1635005 825002 240001 60001 89998 780003 975002 104997 720001 720002 825002 825000 105002 825000 1695004 825001 1740003 90002
915001 405001 930001 990001 225000 930000 930002 1110000 449997 1845004 194998 90000 930002 434998 449999 1620003 1110000 435000 1830005 450002 1845003 104999 0 14999 930000 885002 1830003 164998 930000 1740003 1140001 1800004 930000 1350002 915001 1830004 449999 1830005 209999 915000 1845005 1020002 404999 930002 915000 885001 1320001 29999 1830004 1320002 884999 1800003 1350002 960001 450001 1260001 434999 1800003 1350002 929999 1830003 915000 930001 1350001 1830004 435001 1845003 450000 945001 450001 209996 930001 465001 915001 705000 930002 209997 1380002 1830002 915001 449998 915001 1740004 930001 345000 44998 194997 885002 1080001 209996 825000 825001 930001 929999 89999 929999 1800003 930000 1845002 74999
900002 390002 915002 975002 210001 915001 915003 1095001 434998 1830005 179999 75001 915003 419999 435000 1605004 1095001 420001 1815006 435003 1830004 90000 14999 0 915001 870003 1815004 149999 915001 1725004 1125002 1785005 915001 1335003 900002 1815005 435000 1815006 195000 900001 1830006 1005003 390000 915003 900001 870002 1305002 15000 1815005 1305003 870000 1785004 1335003 945002 435002 1245002 420000 1785004 1335003 915000 1815004 900001 915002 1335002 1815005 420002 1830004 435001 930002 435002 194997 915002 450002 900002 690001 915003 194998 1365003 1815003 900002 434999 900002 1725005 915002 330001 29999 179998 870003 1065002 194997 810001 810002 915002 915000 75000 915000 1785004 915001 1830003 60000
14999 885001 450001 510001 705000 450000 450002 630000 929997 1365004 915000 930004 210000 914998 929999 1140003 630000 915000 1350005 930002 1365003 825001 930000 915001 0 165000 1350003 885000 209998 1260003 660001 1320004 450000 870002 74997 1350004 929999 1350005 930001 435000 1365005 540002 884999 30000 435000 405001 840001 930001 1350004 840002 404999 1320003 870002 480001 930001 780001 914999 1320003 870002 449999 1350003 435000 89997 870001 1350004 915001 1365003 930000 944999 930001 929998 209999 464999 194999 225000 210000 929999 900002 1350002 194999 929998 435001 1260004 450001 825000 885002 914999 44998 600001 929998 345000 104999 89997 449999 930003 449999 1320003 450000 1365002 915003
150001 840003 405003 465003 660002 405002 405004 585002 884999 1320006 870002 885006 45000 870000 885001 1095005 585002 870002 1305007 885004 1320005 780003 885002 870003 165000 0 1305005 840002 44998 1215005 615003 1275006 405002 825004 150001 1305006 885001 1305007 885003 390002 1320007 495004 840001 165002 390002 360003 795003 885003 1305006 795004 360001 1275005 825004 435003 885003 735003 870001 1275005 825004 405001 1305005 390002 165001 825003 1305006 870003 1320005 885002 900001 885003 885000 44999 420001 29999 180002 45000 885001 855004 1305004 29999 885000 390003 1215006 405003 780002 840004 870001 120002 555003 885000 300002 60001 165001 405001 885005 405001 1275005 405002 1320004 870005
1335004 1785004 930004 900002 1605003 1110003 1110005 899999 1830000 194999 1815003 1830007 1350005 1815001 1830002 210000 899999 1815003 420002 1830005 194998 1725004 1830003 1815004 1350003 1305005 0 1785003 1350003 330000 690002 390001 1110003 900003 1335004 179999 1830002 420002 1830004 1095003 195000 810001 1785002 1350005 915003 1065004 870002 1830004 60001 870003 945004 30000 900003 870002 1830004 810002 1815002 149998 900003 990004 179998 975005 1350004 900002 420001 1815004 75000 1830003 930002 1830004 1830001 1350004 1365002 1335004 1125003 1350005 1830002 450001 419999 1335004 1830001 1095004 89999 900002 1725003 1785005 1815002 1305005 870000 1830001 1005003 1245004 1350004 990004 1830006 1110002 390000 900003 194997 1815006
870001 360001 885001 945001 180000 885000 885002 1065000 404997 1800004 30000 165002 885002 389998 404999 1575003 1065000 390000 1785005 405002 1800003 59999 164998 149999 885000 840002 1785003 0 885000 1695003 1095001 1755004 885000 1305002 870001 1785004 404999 1785005 45001 870000 1800005 975002 359999 885002 870000 840001 1275001 164999 1785004 1275002 839999 1755003 1305002 915001 405001 1215001 389999 1755003 1305002 884999 1785003 870000 885001 1305001 1785004 390001 1800003 405000 900001 405001 44998 885001 420001 870001 660000 885002 44999 1335002 1785002 870001 404998 870001 1695004 885001 300000 120000 29999 840002 1035001 44998 780000 780001 885001 884999 165001 884999 1755003 885000 1800002 150001
194999 885001 450001 510001 705000 450000 450002 630000 929997 1365004 915000 930004 89998 914998 929999 1140003 630000 915000 1350005 930002 1365003 825001 930000 915001 209998 44998 1350003 885000 0 1260003 660001 1320004 450000 870002 194999 1350004 929999 1350005 930001 435000 1365005 540002 884999 210000 435000 405001 840001 930001 1350004 840002 404999 1320003 870002 480001 930001 780001 914999 1320003 870002 449999 1350003 435000 209999 870001 1350004 915001 1365003 930000 944999 930001 929998 89997 464999 14999 225000 30000 929999 900002 1350002 74997 929998 435001 1260004 450001 825000 885002 914999 165000 600001 929998 345000 104999 209999 449999 930003 449999 1320003 450000 1365002 915003
1245004 1695004 840004 810002 1515003 1020003 1020005 809999 1740000 345001 1725003 1740007 1260005 1725001 1740002 120000 809999 1725003 90002 1740005 345000 1635004 1740003 1725004 1260003 1215005 330000 1695003 1260003 0 600002 60001 1020003 810003 1245004 330001 1740002 90002 1740004 1005003 345002 720001 1695002 1260005 825003 975004 780002 1740004 330001 780003 855004 300000 810003 780002 1740004 720002 1725002 300000 810003 900004 330000 885005 1260004 810002 90001 1725004 345000 1740003 840002 1740004 1740001 1260004 1275002 1245004 1035003 1260005 1740002 360001 89999 1245004 1740001 1005004 240001 810002 1635003 1695005 1725002 1215005 780000 1740001 915003 1155004 1260004 900004 1740006 1020002 60000 810003 344999 1725006
645002 1095002 240002 210000 915001 420001 420003 209997 1139998 705003 1125001 1140005 660003 1124999 1140000 480002 209997 1125001 690004 1140003 705002 1035002 1140001 1125002 660001 615003 690002 1095001 660001 600002 0 660003 420001 210001 645002 690003 1140000 690004 1140002 405001 705004 119999 1095000 660003 225001 375002 180000 1140002 690003 180001 255002 660002 210001 180000 1140002 120000 1125000 660002 210001 300002 690002 285003 660002 210000 690003 1125002 705002 1140001 720002 1140002 1139999 660002 675000 645002 435001 660003 1140000 240001 690001 645002 1139999 405002 600003 210000 1035001 1095003 1125000 615003 179998 1139999 315001 555002 660002 300002 1140004 420000 660002 210001 705001 1125004
1305005 1755005 900005 870003 1575004 1080004 1080006 870000 1800001 405002 1785004 1800008 1320006 1785002 1800003 180001 870000 1785004 30001 1800006 405001 1695005 1800004 1785005 1320004 1275006 390001 1755004 1320004 60001 660003 0 1080004 870004 1305005 390002 1800003 30001 1800005 1065004 405003 780002 1755003 1320006 885004 1035005 840003 1800005 390002 840004 915005 360001 870004 840003 1800005 780003 1785003 360001 870004 960005 390001 945006 1320005 870003 150002 1785005 405001 1800004 900003 1800005 1800002 1320005 1335003 1305005 1095004 1320006 1800003 420002 150000 1305005 1800002 1065005 300002 870003 1695004 1755006 1785003 1275006 840001 1800002 975004 1215005 1320005 960005 1800007 1080003 120001 870004 405000 1785007
435001 885001 210001 270001 705000 89998 90000 390000 929997 1125004 915000 930004 450002 914998 929999 900003 390000 915000 1110005 930002 1125003 825001 930000 915001 450000 405002 1110003 885000 450000 1020003 420001 1080004 0 630002 435001 1110004 929999 1110005 930001 15000 1125005 300002 884999 450002 195000 44999 600001 930001 1110004 600002 164999 1080003 630002 240001 930001 540001 914999 1080003 630002 209999 1110003 195000 450001 630001 1110004 915001 1125003 930000 944999 930001 929998 450001 464999 435001 225000 450002 929999 660002 1110002 435001 929998 74999 1020004 210001 825000 885002 914999 405002 360001 929998 105000 345001 450001 209999 930003 29999 1080003 210000 1125002 915003
855003 1305003 450003 420001 1125002 630002 630004 419998 1349999 915004 1335002 1350006 870004 1335000 1350001 690003 419998 1335002 900005 1350004 915003 1245003 1350002 1335003 870002 825004 900003 1305002 870002 810003 210001 870004 630002 0 855003 900004 1350001 900005 1350003 615002 915005 330000 1305001 870004 435002 585003 30001 1350003 900004 150002 465003 870003 180002 390001 1350003 90001 1335001 870003 180002 510003 900003 495004 870003 60001 900004 1335003 915003 1350002 930003 1350003 1350000 870003 885001 855003 645002 870004 1350001 450002 900002 855003 1350000 615003 810004 420001 1245002 1305004 1335001 825004 389999 1350000 525002 765003 870003 510003 1350005 630001 870003 420002 915002 1335005
59998 870002 435002 495002 690001 435001 435003 615001 914998 1350005 900001 915005 195001 899999 915000 1125004 615001 900001 1335006 915003 1350004 810002 915001 900002 74997 150001 1335004 870001 194999 1245004 645002 1305005 435001 855003 0 1335005 915000 1335006 915002 420001 1350006 525003 870000 74999 420001 390002 825002 915002 1335005 825003 390000 1305004 855003 465002 915002 765002 900000 1305004 855003 435000 1335004 420001 15000 855002 1335005 900002 1350004 915001 930000 915002 914999 195000 450000 180000 210001 195001 915000 885003 1335003 180000 914999 420002 1245005 435002 810001 870003 900000 29999 585002 914999 330001 90000 15000 435000 915004 435000 1305004 435001 1350003 900004
1335005 1785005 930005 900003 1605004 1110004 1110006 900000 1830001 15000 1815004 1830008 1350006 1815002 1830003 210001 900000 1815004 420003 1830006 75001 1725005 1830004 1815005 1350004 1305006 179999 1785004 1350004 330001 690003 390002 1110004 900004 1335005 0 1830003 420003 1830005 1095004 15001 810002 1785003 1350006 915004 1065005 870003 1830005 180000 870004 945005 149999 900004 870003 1830005 810003 1815003 30001 900004 990005 60001 975006 1350005 900003 420002 1815005 194999 1830004 930003 1830005 1830002 1350005 1365003 1335005 1125004 1350006 1830003 450002 420000 1335005 1830002 1095005 90000 900003 1725004 1785006 1815003 1305006 870001 1830002 1005004 1245005 1350005 990005 1830007 1110003 390001 900004 75000 1815007
915000 165000 930000 990000 224999 929999 930001 1109999 89998 1845003 434999 450003 930001 74999 209998 1620002 1109999 194999 1830004 210001 1845002 345000 449999 435000 929999 885001 1830002 404999 929999 1740002 1140000 1800003 929999 1350001 915000 1830003 0 1830004 450000 914999 1845004 1020001 45000 930001 914999 885000 1320000 450000 1830003 1320001 884998 1800002 1350001 960000 210000 1260000 15000 1800002 1350001 929998 1830002 914999 930000 1350000 1830003 195000 1845002 30001 945000 210000 449997 930000 465000 915000 704999 930001 449998 1380001 1830001 915000 89999 915000 1740003 930000 104999 405001 434998 885001 1080000 449997 824999 825000 930000 929998 450002 929998 1800002 929999 1845001 435002
1335006 1785006 930006 900004 1605005 1110005 1110007 900001 1830002 435003 1815005 1830009 1350007 1815003 1830004 210002 900001 1815005 60002 1830007 435002 1725006 1830005 1815006 1350005 1305007 420002 1785005 1350005 90002 690004 30001 1110005 900005 1335006 420003 1830004 0 1830006 1095005 435004 810003 1785004 1350007 915005 1065006 870004 1830006 420003 870005 945006 390002 900005 870004 1830006 810004 1815004 390002 900005 990006 420002 975007 1350006 900004 180003 1815006 435002 1830005 930004 1830006 1830003 1350006 1365004 1335006 1125005 1350007 1830004 450003 180001 1335006 1830003 1095006 330003 900004 1725005 1785007 1815004 1305007 870002 1830003 1005005 1245006 1350006 990006 1830008 1110004 150002 900005 435001 1815008
915002 405002 930002 990002 225001 930001 930003 1110001 449998 1845005 15001 210003 930003 434999 450000 1620004 1110001 435001 1830006 450003 1845004 105000 209999 195000 930001 885003 1830004 45001 930001 1740004 1140002 1800005 930001 1350003 915002 1830005 450000 1830006 0 915001 1845006 1020003 405000 930003 915001 885002 1320002 210000 1830005 1320003 885000 1800004 1350003 960002 450002 1260002 435000 1800004 1350003 930000 1830004 915001 930002 1350002 1830005 435002 1845004 450001 945002 450002 89999 930002 465002 915002 705001 930003 30000 1380003 1830003 915002 449999 915002 1740005 930002 345001 165001 75000 885003 1080002 89999 825001 825002 930002 930000 210002 930000 1800004 930001 1845003 195002
420001 870001 195001 255001 690000 74998 75000 375000 914997 1110004 900000 915004 435002 899998 914999 885003 375000 900000 1095005 915002 1110003 810001 915000 900001 435000 390002 1095003 870000 435000 1005003 405001 1065004 15000 615002 420001 1095004 914999 1095005 915001 0 1110005 285002 869999 435002 180000 29999 585001 915001 1095004 585002 149999 1065003 615002 225001 915001 525001 899999 1065003 615002 194999 1095003 180000 435001 615001 1095004 900001 1110003 915000 929999 915001 914998 435001 449999 420001 210000 435002 914999 645002 1095002 420001 914998 59999 1005004 195001 810000 870002 899999 390002 345001 914998 90000 330001 435001 194999 915003 14999 1065003 195000 1110002 900003
1350006 1800006 945006 915004 1620005 1125005 1125007 915001 1845002 30001 1830005 1845009 1365007 1830003 1845004 225002 915001 1830005 435004 1845007 90002 1740006 1845005 1830006 1365005 1320007 195000 1800005 1365005 345002 705004 405003 1125005 915005 1350006 15001 1845004 435004 1845006 1110005 0 825003 1800004 1365007 930005 1080006 885004 1845006 195001 885005 960006 165000 915005 885004 1845006 825004 1830004 45002 915005 1005006 75002 990007 1365006 915004 435003 1830006 210000 1845005 945004 1845006 1845003 1365006 1380004 1350006 1140005 1365007 1845004 465003 435001 1350006 1845003 1110006 105001 915004 1740005 1800007 1830004 1320007 885002 1845003 1020005 1260006 1365006 1005006 1845008 1125004 405002 915005 90001 1830008
525003 975003 120003 90001 795002 300002 300004 89998 1019999 825002 1005002 1020006 540004 1005000 1020001 600001 89998 1005002 810003 1020004 825001 915003 1020002 1005003 540002 495004 810001 975002 540002 720001 119999 780002 300002 330000 525003 810002 1020001 810003 1020003 285002 825003 0 975001 540004 105002 255003 299999 1020003 810002 300000 135003 780001 330000 60001 1020003 239999 1005001 780001 330000 180003 810001 165004 540003 329999 810002 1005003 825001 1020002 840001 1020003 1020000 540003 555001 525003 315002 540004 1020001 360000 810000 525003 1020000 285003 720002 90001 915002 975004 1005001 495004 59999 1020000 195002 435003 540003 180003 1020005 300001 780001 90002 825000 1005005
870000 120000 885000 945000 179999 884999 885001 1064999 44998 1800003 389999 405003 885001 29999 164998 1575002 1064999 149999 1785004 165001 1800002 300000 404999 390000 884999 840001 1785002 359999 884999 1695002 1095000 1755003 884999 1305001 870000 1785003 45000 1785004 405000 869999 1800004 975001 0 885001 869999 840000 1275000 405000 1785003 1275001 839998 1755002 1305001 915000 165000 1215000 30000 1755002 1305001 884998 1785002 869999 885000 1305000 1785003 150000 1800002 45001 900000 165000 404997 885000 420000 870000 659999 885001 404998 1335001 1785001 870000 44999 870000 1695003 885000 59999 360001 389998 840001 1035000 404997 779999 780000 885000 884998 405002 884998 1755002 884999 1800001 390002
15001 885003 450003 510003 705002 450002 450004 630002 929999 1365006 915002 930006 210002 915000 930001 1140005 630002 915002 1350007 930004 1365005 825003 930002 915003 30000 165002 1350005 885002 210000 1260005 660003 1320006 450002 870004 74999 1350006 930001 1350007 930003 435002 1365007 540004 885001 0 435002 405003 840003 930003 1350006 840004 405001 1320005 870004 480003 930003 780003 915001 1320005 870004 450001 1350005 435002 89999 870003 1350006 915003 1365005 930002 945001 930003 930000 210001 465001 195001 225002 210002 930001 900004 1350004 195001 930000 435003 1260006 450003 825002 885004 915001 45000 600003 930000 345002 105001 89999 450001 930005 450001 1320005 450002 1365004 915005
420001 870001 15001 75001 690000 195000 195002 195000 914997 930004 900000 915004 435002 899998 914999 705003 195000 900000 915005 915002 930003 810001 915000 900001 435000 390002 915003 870000 435000 825003 225001 885004 195000 435002 420001 915004 914999 915005 915001 180000 930005 105002 869999 435002 0 150001 405001 915001 915004 405002 30001 885003 435002 45001 915001 345001 899999 885003 435002 75001 915003 60002 435001 435001 915004 900001 930003 915000 929999 915001 914998 435001 449999 420001 210000 435002 914999 465002 915002 420001 914998 180001 825004 15001 810000 870002 899999 390002 165001 914998 90000 330001 435001 75001 915003 194999 885003 15000 930002 900003
390002 840002 165002 225002 660001 44999 45001 345001 884998 1080005 870001 885005 405003 869999 885000 855004 345001 870001 1065006 885003 1080004 780002 885001 870002 405001 360003 1065004 840001 405001 975004 375002 1035005 44999 585003 390002 1065005 885000 1065006 885002 29999 1080006 255003 840000 405003 150001 0 555002 885002 1065005 555003 120000 1035004 585003 195002 885002 495002 870000 1035004 585003 165000 1065004 150001 405002 585002 1065005 870002 1080004 885001 900000 885002 884999 405002 420000 390002 180001 405003 885000 615003 1065003 390002 884999 30000 975005 165002 780001 840003 870000 360003 315002 884999 60001 300002 405002 165000 885004 44998 1035004 165001 1080003 870004
825002 1275002 420002 390000 1095001 600001 600003 389997 1319998 885003 1305001 1320005 840003 1304999 1320000 660002 389997 1305001 870004 1320003 885002 1215002 1320001 1305002 840001 795003 870002 1275001 840001 780002 180000 840003 600001 30001 825002 870003 1320000 870004 1320002 585001 885004 299999 1275000 840003 405001 555002 0 1320002 870003 120001 435002 840002 150001 360000 1320002 60000 1305000 840002 150001 480002 870002 465003 840002 30000 870003 1305002 885002 1320001 900002 1320002 1319999 840002 855000 825002 615001 840003 1320000 420001 870001 825002 1319999 585002 780003 390000 1215001 1275003 1305000 795003 359998 1319999 495001 735002 840002 480002 1320004 600000 840002 390001 885001 1305004
915002 405002 930002 990002 225001 930001 930003 1110001 449998 1845005 194999 90001 930003 434999 450000 1620004 1110001 435001 1830006 450003 1845004 105000 29999 15000 930001 885003 1830004 164999 930001 1740004 1140002 1800005 930001 1350003 915002 1830005 450000 1830006 210000 915001 1845006 1020003 405000 930003 915001 885002 1320002 0 1830005 1320003 885000 1800004 1350003 960002 450002 1260002 435000 1800004 1350003 930000 1830004 915001 930002 1350002 1830005 435002 1845004 450001 945002 450002 209997 930002 465002 915002 705001 930003 209998 1380003 1830003 915002 449999 915002 1740005 930002 345001 44999 194998 885003 1080002 209997 825001 825002 930002 930000 90000 930000 1800004 930001 1845003 75000
1335005 1785005 930005 900003 1605004 1110004 1110006 900000 1830001 195000 1815004 1830008 1350006 1815002 1830003 210001 900000 1815004 420003 1830006 194999 1725005 1830004 1815005 1350004 1305006 60001 1785004 1350004 330001 690003 390002 1110004 900004 1335005 180000 1830003 420003 1830005 1095004 195001 810002 1785003 1350006 915004 1065005 870003 1830005 0 870004 945005 30001 900004 870003 1830005 810003 1815003 149999 900004 990005 179999 975006 1350005 900003 420002 1815005 14999 1830004 930003 1830005 1830002 1350005 1365003 1335005 1125004 1350006 1830003 450002 420000 1335005 1830002 1095005 90000 900003 1725004 1785006 1815003 1305006 870001 1830002 1005004 1245005 1350005 990005 1830007 1110003 390001 900004 194998 1815007
825003 1275003 420003 390001 1095002 600002 600004 389998 1319999 885004 1305002 1320006 840004 1305000 1320001 660003 389998 1305002 870005 1320004 885003 1215003 1320002 1305003 840002 795004 870003 1275002 840002 780003 180001 840004 600002 150002 825003 870004 1320001 870005 1320003 585002 885005 300000 1275001 840004 405002 555003 120001 1320003 870004 0 435003 840003 30000 360001 1320003 60001 1305001 840003 30000 480003 870003 465004 840003 150001 870004 1305003 885003 1320002 900003 1320003 1320000 840003 855001 825003 615002 840004 1320001 420002 870002 825003 1320000 585003 780004 390001 1215002 1275004 1305001 795004 359999 1320000 495002 735003 840003 480003 1320005 600001 840003 390002 885002 1305005
390000 840000 45002 105002 659999 164999 165001 225001 884996 960005 869999 885003 405001 869997 884998 735004 225001 869999 945006 885001 960004 780000 884999 870000 404999 360001 945004 839999 404999 855004 255002 915005 164999 465003 390000 945005 884998 945006 885000 149999 960006 135003 839998 405001 30001 120000 435002 885000 945005 435003 0 915004 465003 75002 885000 375002 869998 915004 465003 45000 945004 30001 405000 465002 945005 870000 960004 884999 899998 885000 884997 405000 419998 390000 179999 405001 884998 495003 945003 390000 884997 150000 855005 45002 779999 840001 869998 360001 195002 884997 59999 300000 405000 45000 885002 164998 915004 45001 960003 870002
1305004 1755004 900004 870002 1575003 1080003 1080005 869999 1800000 164999 1785003 1800007 1320005 1785001 1800002 180000 869999 1785003 390002 1800005 164998 1695004 1800003 1785004 1320003 1275005 30000 1755003 1320003 300000 660002 360001 1080003 870003 1305004 149999 1800002 390002 1800004 1065003 165000 780001 1755002 1320005 885003 1035004 840002 1800004 30001 840003 915004 0 870003 840002 1800004 780002 1785002 119998 870003 960004 149998 945005 1320004 870002 390001 1785004 45000 1800003 900002 1800004 1800001 1320004 1335002 1305004 1095003 1320005 1800002 420001 389999 1305004 1800001 1065004 59999 870002 1695003 1755005 1785002 1275005 840000 1800001 975003 1215004 1320004 960004 1800006 1080002 360000 870003 164997 1785006
855003 1305003 450003 420001 1125002 630002 630004 419998 1349999 915004 1335002 1350006 870004 1335000 1350001 690003 419998 1335002 900005 1350004 915003 1245003 1350002 1335003 870002 825004 900003 1305002 870002 810003 210001 870004 630002 180002 855003 900004 1350001 900005 1350003 615002 915005 330000 1305001 870004 435002 585003 150001 1350003 900004 30000 465003 870003 0 390001 1350003 90001 1335001 870003 60000 510003 900003 495004 870003 180001 900004 1335003 915003 1350002 930003 1350003 1350000 870003 885001 855003 645002 870004 1350001 450002 900002 855003 1350000 615003 810004 420001 1245002 1305004 1335001 825004 389999 1350000 525002 765003 870003 510003 1350005 630001 870003 420002 915002 1335005
465002 915002 60002 30000 735001 240001 240003 149999 959998 885003 945001 960005 480003 944999 960000 660002 149999 945001 870004 960003 885002 855002 960001 945002 480001 435003 870002 915001 480001 780002 180000 840003 240001 390001 465002 870003 960000 870004 960002 225001 885004 60001 915000 480003 45001 195002 360000 960002 870003 360001 75002 840002 390001 0 960002 300000 945000 840002 390001 120002 870002 105003 480002 390000 870003 945002 885002 960001 900002 960002 959999 480002 495000 465002 255001 480003 960000 420001 870001 465002 959999 225002 780003 30000 855001 915003 945000 435003 120000 959999 135001 375002 480002 120002 960004 240000 840002 30001 885001 945004
915002 45000 930002 990002 225001 930001 930003 1110001 209998 1845005 435001 450005 930003 194999 89998 1620004 1110001 74999 1830006 30001 1845004 345002 450001 435002 930001 885003 1830004 405001 930001 1740004 1140002 1800005 930001 1350003 915002 1830005 210000 1830006 450002 915001 1845006 1020003 165000 930003 915001 885002 1320002 450002 1830005 1320003 885000 1800004 1350003 960002 0 1260002 195000 1800004 1350003 930000 1830004 915001 930002 1350002 1830005 15000 1845004 210001 945002 90000 449999 930002 465002 915002 705001 930003 450000 1380003 1830003 915002 209999 915002 1740005 930002 105001 405003 435000 885003 1080002 449999 825001 825002 930002 930000 450004 930000 1800004 930001 1845003 435004
